81.954887 81.984518 54.887218
81.954887 81.984518 17.543860
81.954887 81.984518 52.130326
81.954887 81.984518 54.887218
81.954887 81.984518 17.543860
81.954887 81.984518 52.130326
81.954887 81.984518 54.887218
81.954887 81.984518 17.543860
81.954887 81.984518 52.130326

80.200501 80.242787 8.020050
80.200501 80.242787 1.002506
80.200501 80.242787 1.002506
80.200501 80.242787 98.746867
80.200501 80.242787 19.799499
80.200501 80.242787 24.561404
80.200501 80.242787 98.746867
80.200501 80.242787 19.799499
80.200501 80.242787 24.561404

80.701754 80.735398 31.328321
80.701754 80.735398 0.000000
80.701754 80.735398 0.000000
80.701754 80.735398 100.000000
80.701754 80.735398 71.428571
80.701754 80.735398 72.431078
80.701754 80.735398 100.000000
80.701754 80.735398 71.428571
80.701754 80.735398 72.431078

78.446115 78.457072 84.210526
78.446115 78.457072 1.002506
78.446115 78.457072 1.503759
78.446115 78.457072 100.000000
78.446115 78.457072 87.719298
78.446115 78.457072 87.719298
78.446115 78.457072 100.000000
78.446115 78.457072 87.719298
78.446115 78.457072 87.719298

77.192982 77.199156 95.739348
77.192982 77.199156 60.651629
77.192982 77.199156 65.413534
77.192982 77.199156 100.000000
77.192982 77.199156 92.230576
77.192982 77.199156 92.230576
77.192982 77.199156 100.000000
77.192982 77.199156 92.230576
77.192982 77.199156 92.230576

75.939850 75.950035 1.002506
75.939850 75.950035 0.000000
75.939850 75.950035 0.000000
75.939850 75.950035 97.994987
75.939850 75.950035 8.521303
75.939850 75.950035 14.786967
75.939850 75.950035 97.994987
75.939850 75.950035 8.521303
75.939850 75.950035 14.786967

77.694236 77.691766 33.082707
77.694236 77.691766 1.754386
77.694236 77.691766 3.258145
77.694236 77.691766 97.493734
77.694236 77.691766 36.340852
77.694236 77.691766 50.877193
77.694236 77.691766 97.493734
77.694236 77.691766 36.340852
77.694236 77.691766 50.877193

70.175439 70.082688 76.691729
70.175439 70.082688 19.548872
70.175439 70.082688 23.809524
70.175439 70.082688 99.749373
70.175439 70.082688 30.075188
70.175439 70.082688 36.842105
70.175439 70.082688 99.749373
70.175439 70.082688 34.085213
70.175439 70.082688 41.353383

68.671679 68.631246 89.473684
68.671679 68.631246 42.355890
68.671679 68.631246 46.115288
68.671679 68.631246 99.749373
68.671679 68.631246 31.829574
68.671679 68.631246 42.355890
68.671679 68.631246 99.749373
68.671679 68.631246 46.867168
68.671679 68.631246 53.634085
