79.000000 71.306647 92.500000
79.000000 71.306647 0.000000
79.000000 71.306647 0.000000
79.000000 71.306647 92.500000
79.000000 71.306647 0.000000
79.000000 71.306647 0.000000
79.000000 71.306647 92.500000
79.000000 71.306647 0.000000
79.000000 71.306647 0.000000

78.500000 69.966342 0.000000
78.500000 69.966342 0.000000
78.500000 69.966342 0.000000
78.500000 69.966342 0.000000
78.500000 69.966342 0.000000
78.500000 69.966342 0.000000
78.500000 69.966342 0.000000
78.500000 69.966342 0.000000
78.500000 69.966342 0.000000

71.500000 53.173458 0.000000
71.500000 53.173458 0.000000
71.500000 53.173458 0.000000
71.500000 53.173458 1.000000
71.500000 53.173458 0.000000
71.500000 53.173458 0.000000
71.500000 53.173458 1.000000
71.500000 53.173458 0.000000
71.500000 53.173458 0.000000

70.500000 50.000000 100.000000
70.500000 50.000000 0.000000
70.500000 50.000000 0.000000
70.500000 50.000000 100.000000
70.500000 50.000000 0.000000
70.500000 50.000000 0.000000
70.500000 50.000000 100.000000
70.500000 50.000000 0.000000
70.500000 50.000000 0.000000

70.500000 50.000000 100.000000
70.500000 50.000000 100.000000
70.500000 50.000000 100.000000
70.500000 50.000000 100.000000
70.500000 50.000000 100.000000
70.500000 50.000000 100.000000
70.500000 50.000000 100.000000
70.500000 50.000000 100.000000
70.500000 50.000000 100.000000

72.000000 69.792042 0.000000
72.000000 69.792042 0.000000
72.000000 69.792042 0.000000
72.000000 69.792042 26.000000
72.000000 69.792042 0.000000
72.000000 69.792042 0.000000
72.000000 69.792042 26.000000
72.000000 69.792042 0.000000
72.000000 69.792042 0.000000

74.500000 71.565092 0.000000
74.500000 71.565092 0.000000
74.500000 71.565092 0.000000
74.500000 71.565092 80.000000
74.500000 71.565092 0.000000
74.500000 71.565092 0.000000
74.500000 71.565092 80.000000
74.500000 71.565092 0.000000
74.500000 71.565092 0.000000

75.500000 72.274312 0.000000
75.500000 72.274312 0.000000
75.500000 72.274312 0.000000
75.500000 72.274312 87.500000
75.500000 72.274312 0.000000
75.500000 72.274312 0.000000
75.500000 72.274312 87.500000
75.500000 72.274312 0.000000
75.500000 72.274312 0.000000

75.500000 71.288616 0.000000
75.500000 71.288616 0.000000
75.500000 71.288616 0.000000
75.500000 71.288616 87.000000
75.500000 71.288616 0.000000
75.500000 71.288616 0.000000
75.500000 71.288616 87.000000
75.500000 71.288616 0.000000
75.500000 71.288616 0.000000
